1741 1362
1949 1234
2202 1370
2205 1577
2546 1749
2840 1527
2843 1100
3038 1155
3046 1391
3177 1622
3141 1881
3404 2050
3616 1926
3594 1681
3799 1474
3898 1681
3886 1058
4289 1212
4347 1489
4118 1683
4188 2019
4364 2149
4654 2450
4866 2281
5033 1808
5022 1443
5657 1313
5773 1787
5982 2224
6250 2387
6344 1802
6601 1702
7182 1809
6967 2289
6823 2790
7290 2790
7656 2621
7987 2304
7603 2072
7791 1742
8189 1710
8304 1252
8581 1243
8788 1662
9378 1417
9723 1072
10257 1017
10067 1532
9638 1838
9303 2110
11951 1307
1287 2517
1481 2760
1358 3112
1549 3377
1301 3694
1350 4201
1740 4351
1820 4803
1449 4814
1314 5043
1472 5098
1652 5278
1411 5606
1246 5818
1454 6025
1885 5806
1939 6265
1777 6767
1289 7005
2200 7233
2482 7131
2809 7390
2855 6945
2714 6684
2409 6676
2412 6332
2724 6467
2696 5343
2331 5297
2263 4869
2601 5028
2841 4693
2602 4672
2353 4477
2537 4394
2143 4187
2980 4075
2980 3780
2720 3584
2473 3338
2222 2895
1973 3834
3307 3453
3670 3514
3860 3703
4155 3847
4323 4015
4202 4201
4016 4388
3965 4072
3743 3722
3332 4168
3384 4793
3656 5150
3350 5543
3661 5969
3598 6233
3435 6447
3416 6640
3797 6646
4331 6474
4524 6604
4753 6478
4904 6327
4763 6060
4411 5861
4134 5902
4012 6318
4780 5525
5090 5397
5434 5199
4972 4979
4648 5074
4387 5220
4014 5028
4145 4685
4432 4476
4896 4371
4804 4143
4941 3612
5404 3666
5422 4128
5689 4224
5809 3850
6226 3850
6700 3864
7137 3872
7026 4064
7068 4340
7543 4393
7950 4393
8463 4212
8552 3890
9172 3793
9364 4152
9768 4208
9996 3737
10323 3630
10727 3397
11283 3132
11664 2840
12028 2851
12543 2432
12831 1947
13156 1753
13635 1435
14003 1312
13975 1620
13715 1880
13345 1960
12959 2345
13184 2845
13402 3141
13163 3355
12915 3161
12492 2982
12170 3134
11874 3430
11597 3707
11074 3903
10875 4102
10529 4172
10173 3991
9854 4180
9542 4491
9323 4401
9236 4669
9430 4824
9926 5010
10197 4796
10565 4646
11163 4688
11347 4406
11845 4389
12320 4449
12718 4202
13206 4112
13184 3712
12826 3595
12400 3838
12085 3752
11943 4004
12162 4388
12482 4708
12690 5004
12863 5706
12596 5925
12263 6649
11687 6690
11636 6183
11259 5779
10956 5476
10624 5298
10338 5155
11664 4879
10930 4551
9845 5830
9839 6208
10159 6717
9628 7118
9150 7118
8852 6941
8299 7140
8431 6310
8631 6110
8806 5847
9032 5621
8981 5366
8669 5528
9420 6149
9712 6185
9733 5741
9733 5249
9480 5029
9512 4517
8240 5221
8155 5641
8316 7445
6855 4758
6980 4758
7060 4758
7124 4758
7192 4758
13636 6267
13990 5999
14003 5528
14556 5453
14438 4882
14809 4791
15257 5135
15838 4602
15583 4382
15231 4594
14805 4305
14405 4270
14432 3864
14661 3854
15095 3526
15302 3712
15663 3767
16202 3737
16190 4193
15694 4213
16693 3194
16760 2807
17164 2615
17224 2312
17642 2081
17858 1865
18268 1747
18049 1445
17732 1302
17502 1447
17669 1662
17327 1813
17006 1359
16766 1359
16402 1244
16063 1195
15835 1342
15447 1571
15180 1691
14701 1354
14336 1394
14330 1792
14688 1845
14737 2277
15349 2649
15916 2577
16225 2260
16492 2520
16619 2774
15609 3464
14094 2336
14075 1241
18663 2780
18554 2908
18692 2915
18582 3086
18235 3259
17991 3503
18326 3629
18602 3423
18515 4380
18446 4816
18495 5186
18548 5569
18656 5894
18549 6218
18275 6414
17981 6121
18137 5788
17919 5556
18003 5166
17809 4972
17945 4891
17974 4568
17752 3848
17432 4345
17378 4899
16858 5135
17145 5627
16898 6172
16895 6660
16258 6984
15948 6721
15854 6266
15441 6613
15237 7215
14804 6886
14520 7104
14710 7384
14469 7715
13952 7371
13772 7697
13756 8201
13276 8436
12798 8046
12674 8728
12315 8836
12589 9102
12350 9283
11931 9385
11638 10072
9575 12430
9373 12555
9457 12842
9181 13202
8799 13224
8467 12983
8205 13158
7872 13333
7757 13655
8082 14028
8292 14585
7860 15153
7505 15478
7109 15195
6784 14680
6450 14304
6887 13860
5960 13820
5174 13743
4345 13798
4583 14174
4862 14376
5049 14764
4899 15138
5059 15371
5406 15718
5734 16046
6091 16171
6039 16509
5797 16648
5329 16777
5111 17047
4685 17293
4402 17320
4150 17534
3844 17931
4014 18203
3567 18705
3622 19179
3235 19104
2944 18956
2392 18967
1418 18875
1310 18397
1610 18239
1934 17967
2485 18433
2800 18251
2554 17824
2255 17659
1742 17451
1194 17466
1123 17005
1428 16817
1344 16483
2217 16405
2514 16498
2872 16574
2425 17350
3033 17160
3317 16960
3793 16734
4404 16368
4713 16059
5231 15881
5640 15566
5577 15320
5685 15037
5416 14754
5320 14296
5582 14178
5513 13936
5043 13770
4563 13784
4362 14147
4140 14555
3861 14834
4119 15256
3837 15638
4143 16021
3917 16299
3615 16450
3330 16274
2862 16217
2536 16045
2107 16045
1861 16242
1546 16317
1058 16253
1036 15952
1215 15678
1303 15336
921 15158
764 14996
843 14759
1039 14560
1247 14694
1650 14856
2141 15132
2609 15183
3186 14740
3240 14296
3148 13796
2875 13786
2547 13786
2079 13941
1787 13992
1509 13884
1684 14181
1398 14281
1101 13605
1474 13350
4391 13779
4776 14164
2911 15380
2714 15276
3704 15276
4159 15276
4869 18984
5433 18938
5664 18435
6195 18094
6502 18823
7118 18630
7009 18016
7467 17487
7803 17252
8181 17307
8284 17717
8624 17944
7912 18424
7658 18145
7892 18792
8533 18670
8820 18404
8742 17801
8679 17264
8364 16770
8970 16748
9328 17006
9499 17177
9707 17504
9837 17765
9606 18090
9849 18497
10250 18592
10607 18395
10604 17729
11131 17810
11280 18125
11685 18237
11679 18561
12103 18678
12708 18739
13356 18639
13771 18726
13567 18269
13073 17943
12390 18058
12097 17498
13363 17738
14406 18728
15544 18667
17683 18611
18169 18262
18706 17721
18315 17136
19030 16608
18927 16252
18027 15534
18660 14881
18918 14254
18927 13801
18803 13338
18871 12782
18989 12212
19054 11459
18940 11213
19003 10773
18886 10439
18886 10412
18999 9785
19111 9384
19145 9008
19028 8720
18781 8296
18829 7769
18703 7410
18337 7477
18149 7852
18269 8248
17909 8292
17772 7803
17520 7707
17212 7580
17005 7730
16741 7993
16511 8223
16396 8490
16038 8396
15636 8572
15425 8783
14933 9143
14426 9231
13905 9406
13672 9640
13601 9938
13402 10161
13326 10535
13252 10791
13243 11125
13006 11317
12778 10956
12467 10838
12428 11133
12634 11402
12798 11634
12833 12030
12487 12055
12319 11887
11845 11869
11424 11869
11304 11966
10946 12143
11093 12325
11415 12445
11186 12674
10791 12770
10548 12946
10659 13153
10809 13303
11221 13215
11298 13635
11106 13882
10838 13844
10451 14085
10590 14319
10097 14638
9597 15701
9234 16184
9660 16655
9156 17097
10029 16986
10738 16818
11480 16830
12383 17170
12897 14231
13562 13874
13065 13302
11816 14411
11291 14706
12959 15015
13750 14790
14214 14270
14699 14208
14827 13807
15465 13521
15628 13708
15523 14265
16218 14777
16688 14697
17103 14278
16802 14115
16846 13782
17207 13674
17733 13498
18240 13876
17791 13090
17365 12664
17682 12289
17491 12334
17003 12066
17194 11729
17486 11487
17345 11296
17505 10722
17423 10640
17146 10363
16901 10322
16852 9899
18161 9764
18196 9340
17850 9326
17505 9178
16907 9157
16890 8725
17409 8552
15762 10092
15379 10699
14958 11121
14666 10900
14344 10880
13925 11260
14227 11632
13893 12022
13430 12173
13098 11849
12727 12074
12389 12584
12867 13093
12571 13570
11933 13640
11618 14062
14808 13795
14825 13256
15004 13016
1325 8178
1719 8381
1510 8999
2003 9503
1350 10019
1807 10781
942 10990
1297 11529
1668 12006
1489 12384
2496 11983
2385 11328
2706 10872
2951 9985
2744 9294
2355 8700
3209 8700
3716 9284
4049 10001
3812 10558
3975 11219
3512 11826
4000 12517
4739 12571
4642 12067
5213 11733
4728 11096
5155 10694
4526 10559
4985 9948
5471 9507
4817 9054
5897 8913
6509 9414
6080 9840
6489 10366
6201 10749
5837 10998
5995 11507
5832 11960
6183 12278
6987 12023
7691 11845
7274 11293
7020 10692
7702 10228
7048 9502
7371 8763
7824 8763
8341 9082
8648 9362
8326 9806
8358 9768
8989 10012
8989 10529
8856 10798
9337 11574
9848 11019
10205 10458
9817 9850
10202 9241
9859 8535
10692 8535
