1310 1065
1769 833
799 2166
982 2969
888 5149
659 6749
1152 7242
1497 7686
2907 7564
4285 8418
5394 8280
8146 7657
9481 7973
10006 7341
10209 7091
10999 7160
12139 6736
13133 6274
13249 4966
13693 4521
13999 2675
10193 710
9983 710
9696 710
9489 710
9480 857
9712 917
9963 823
10180 559
15005 937
15237 756
15346 1037
18245 2523
17908 3229
15834 5086
17169 7224
15832 7932
14509 7947
13713 9177
12342 10361
9949 13322
8300 15966
5901 17205
4722 19485
4116 19284
1876 19385
2106 19385
1971 19596
1491 19566
1221 19020
